world: 7340d825-a6d3-4aee-9d66-f955f6ccd31d
world-name: spawn
x: 1977.4412557303053
y: 115.0
z: -5022.42213702133
yaw: -94.92914581298828
pitch: 62.999908447265625
name: infos
lastowner: e54326c2-a04e-425e-bce1-73a1772b07e3
