world: 7340d825-a6d3-4aee-9d66-f955f6ccd31d
world-name: spawn
x: 2002.5626129879945
y: 133.0
z: -5062.66665265817
yaw: 178.95970153808594
pitch: 15.714366912841797
name: spawn
lastowner: e54326c2-a04e-425e-bce1-73a1772b07e3
