jails:
  mitard:
    world: 7340d825-a6d3-4aee-9d66-f955f6ccd31d
    world-name: spawn
    x: 2035.5795376055066
    y: 104.0
    z: -5033.570298977505
    yaw: -152.9789276123047
    pitch: 49.94987487792969
  goulag:
    world: 7340d825-a6d3-4aee-9d66-f955f6ccd31d
    world-name: spawn
    x: 2035.776688490161
    y: 88.0
    z: -5033.558511766691
    yaw: -109.628662109375
    pitch: 18.149900436401367
