spawns:
  newbies:
    world: 7340d825-a6d3-4aee-9d66-f955f6ccd31d
    world-name: spawn
    x: 1977.6545966367382
    y: 115.0
    z: -5022.435618514832
    yaw: -97.11600494384766
    pitch: 26.701698303222656
  default:
    world: 7340d825-a6d3-4aee-9d66-f955f6ccd31d
    world-name: spawn
    x: 2002.5453495591803
    y: 132.0
    z: -5064.424092960579
    yaw: 178.13006591796875
    pitch: 11.13039493560791
