world: 7340d825-a6d3-4aee-9d66-f955f6ccd31d
world-name: spawn
x: 1977.5157981961834
y: 115.0
z: -5022.5780838488745
yaw: -107.6780014038086
pitch: 4.049930095672607
name: tutoriel
lastowner: e54326c2-a04e-425e-bce1-73a1772b07e3
